00000000: 00100011 01101001 01101110 01100011 01101100 01110101  #inclu
00000006: 01100100 01100101 00111100 01100010 01101001 01110100  de<bit
0000000c: 01110011 00101111 01110011 01110100 01100100 01100011  s/stdc
00000012: 00101011 00101011 00101110 01101000 00111110 00001010  ++.h>.
00000018: 01110101 01110011 01101001 01101110 01100111 00100000  using 
0000001e: 01101110 01100001 01101101 01100101 01110011 01110000  namesp
00000024: 01100001 01100011 01100101 00100000 01110011 01110100  ace st
0000002a: 01100100 00111011 00001010 00001010 00100011 01100100  d;..#d
00000030: 01100101 01100110 01101001 01101110 01100101 00100000  efine 
00000036: 01010110 00100000 01110110 01100101 01100011 01110100  V vect
0000003c: 01101111 01110010 00001010 00001010 01110100 01111001  or..ty
00000042: 01110000 01100101 01100100 01100101 01100110 00100000  pedef 
00000048: 01101100 01101111 01101110 01100111 00100000 01101100  long l
0000004e: 01101111 01101110 01100111 00100000 01101001 01101110  ong in
00000054: 01110100 00100000 01001100 01001100 00111011 00001010  t LL;.
0000005a: 01110100 01111001 01110000 01100101 01100100 01100101  typede
00000060: 01100110 00100000 01110000 01100001 01101001 01110010  f pair
00000066: 00111100 01101001 01101110 01110100 00101100 00100000  <int, 
0000006c: 01101001 01101110 01110100 00111110 00100000 00100000  int>  
00000072: 01110000 01101001 01101001 00111011 00001010 01110100  pii;.t
00000078: 01111001 01110000 01100101 01100100 01100101 01100110  ypedef
0000007e: 00100000 01110000 01100001 01101001 01110010 00111100   pair<
00000084: 01101001 01101110 01110100 00101100 00100000 01110011  int, s
0000008a: 01110100 01110010 01101001 01101110 01100111 00111110  tring>
00000090: 00100000 01110000 01101001 01110011 00111011 00001010   pis;.
00000096: 00001010 01110100 01111001 01110000 01100101 01100100  .typed
0000009c: 01100101 01100110 00100000 01010110 00111100 01101001  ef V<i
000000a2: 01101110 01110100 00111110 00100000 01110110 01101001  nt> vi
000000a8: 00111011 00001010 01110100 01111001 01110000 01100101  ;.type
000000ae: 01100100 01100101 01100110 00100000 01010110 00111100  def V<
000000b4: 01110011 01110100 01110010 01101001 01101110 01100111  string
000000ba: 00111110 00100000 01110110 01110011 00111011 00001010  > vs;.
000000c0: 01110100 01111001 01110000 01100101 01100100 01100101  typede
000000c6: 01100110 00100000 01010110 00111100 01001100 01001100  f V<LL
000000cc: 00111110 00100000 01110110 01101100 00111011 00001010  > vl;.
000000d2: 01110100 01111001 01110000 01100101 01100100 01100101  typede
000000d8: 01100110 00100000 01010110 00111100 01100100 01101111  f V<do
000000de: 01110101 01100010 01101100 01100101 00111110 00100000  uble> 
000000e4: 01110110 01100100 00111011 00001010 01110100 01111001  vd;.ty
000000ea: 01110000 01100101 01100100 01100101 01100110 00100000  pedef 
000000f0: 01010110 00111100 01110000 01101001 01101001 00111110  V<pii>
000000f6: 00100000 01110110 01110000 01101001 01101001 00111011   vpii;
000000fc: 00001010 01110100 01111001 01110000 01100101 01100100  .typed
00000102: 01100101 01100110 00100000 01010110 00111100 01110110  ef V<v
00000108: 01101001 00111110 00100000 01110110 01101001 01110110  i> viv
0000010e: 00111011 00100000 00100000 00001010 01110100 01111001  ;  .ty
00000114: 01110000 01100101 01100100 01100101 01100110 00100000  pedef 
0000011a: 01010110 00111100 01110000 01101001 01110011 00111110  V<pis>
00000120: 00100000 01110110 01110000 01101001 01110011 00111011   vpis;
00000126: 00100000 00101111 00101111 00101010 00101010 00101010   //***
0000012c: 00101010 00101010 00101010 00101010 00101010 00101010  ******
00000132: 00101010 00101010 00101010 00101010 00101010 00101010  ******
00000138: 00101010 00101010 00101010 00101010 00101010 00101010  ******
0000013e: 00101010 00101010 00101010 00101010 00101010 00101010  ******
00000144: 00101010 00101010 00101010 00101010 00101010 00101010  ******
0000014a: 00101010 00101010 00101010 00101010 00101010 00101010  ******
00000150: 00101010 00101010 00101010 00101010 00101010 00101010  ******
00000156: 00101010 00101010 00101010 00101010 00101010 00101010  ******
0000015c: 00101010 00101010 00101010 00101010 00101010 00101010  ******
00000162: 00101010 00101010 00101010 00101010 00101010 00101010  ******
00000168: 00101010 00101010 00101010 00001010 00001010 00100011  ***..#
0000016e: 01100100 01100101 01100110 01101001 01101110 01100101  define
00000174: 00100000 01100110 01101111 01110010 01110101 01110000   forup
0000017a: 00101000 01101001 00101100 01100001 00101100 01100010  (i,a,b
00000180: 00101001 00100000 01100110 01101111 01110010 00101000  ) for(
00000186: 01101001 01101110 01110100 00100000 01101001 00111101  int i=
0000018c: 00101000 01100001 00101001 00111011 00100000 01101001  (a); i
00000192: 00111100 00101000 01100010 00101001 00111011 00100000  <(b); 
00000198: 00101011 00101011 01101001 00101001 00100000 00001010  ++i) .
0000019e: 00100011 01100100 01100101 01100110 01101001 01101110  #defin
000001a4: 01100101 00100000 01100110 01101111 01110010 01100100  e ford
000001aa: 01101110 00101000 01101001 00101100 01100001 00101100  n(i,a,
000001b0: 01100010 00101001 00100000 01100110 01101111 01110010  b) for
000001b6: 00101000 01101001 01101110 01110100 00100000 01101001  (int i
000001bc: 00111101 00101000 01100001 00101001 00111011 00100000  =(a); 
000001c2: 01101001 00111110 00101000 01100010 00101001 00111011  i>(b);
000001c8: 00100000 00101101 00101101 01101001 00101001 00100000   --i) 
000001ce: 00001010 00100011 01100100 01100101 01100110 01101001  .#defi
000001d4: 01101110 01100101 00100000 01110010 01100101 01110000  ne rep
000001da: 00101000 01101001 00101100 01100001 00101001 00100000  (i,a) 
000001e0: 01100110 01101111 01110010 00101000 01101001 01101110  for(in
000001e6: 01110100 00100000 01101001 00111101 00110000 00111011  t i=0;
000001ec: 00100000 01101001 00111100 00101000 01100001 00101001   i<(a)
000001f2: 00111011 00100000 00101011 00101011 01101001 00101001  ; ++i)
000001f8: 00100000 00001010 00100011 01100100 01100101 01100110   .#def
000001fe: 01101001 01101110 01100101 00100000 01100110 01101111  ine fo
00000204: 01110110 00101000 01101001 00101100 01100001 00101001  v(i,a)
0000020a: 00100000 01110010 01100101 01110000 00101000 01101001   rep(i
00000210: 00101100 00101000 01100001 00101001 00101110 01110011  ,(a).s
00000216: 01101001 01111010 01100101 00101000 00101001 00101001  ize())
0000021c: 00100000 00001010 00100011 01100100 01100101 01100110   .#def
00000222: 01101001 01101110 01100101 00100000 01100110 01101111  ine fo
00000228: 01110010 01100101 01100001 01100011 01101000 00101000  reach(
0000022e: 01101001 00101100 01011000 00101001 00100000 01100110  i,X) f
00000234: 01101111 01110010 00101000 01011111 01011111 01110100  or(__t
0000023a: 01111001 01110000 01100101 01101111 01100110 00101000  ypeof(
00000240: 00101000 01011000 00101001 00101110 01100010 01100101  (X).be
00000246: 01100111 01101001 01101110 00101000 00101001 00101001  gin())
0000024c: 00100000 01101001 00100000 00111101 00100000 00101000   i = (
00000252: 01011000 00101001 00101110 01100010 01100101 01100111  X).beg
00000258: 01101001 01101110 00101000 00101001 00111011 00100000  in(); 
0000025e: 01101001 00100000 00100001 00111101 00100000 00101000  i != (
00000264: 01011000 00101001 00101110 01100101 01101110 01100100  X).end
0000026a: 00101000 00101001 00111011 00100000 01101001 00101011  (); i+
00000270: 00101011 00101001 00100000 00100000 00101111 00101111  +)  //
00000276: 00111111 00111111 00111111 00111111 00111111 00111111  ??????
0000027c: 00111111 00111111 00111111 00111111 00111111 00111111  ??????
00000282: 00111111 00111111 00111111 00111111 00111111 00111111  ??????
00000288: 00111111 00111111 00111111 00111111 00111111 00111111  ??????
0000028e: 00111111 00111111 00111111 00111111 00111111 00111111  ??????
00000294: 00111111 00001010 00001010 00100011 01100100 01100101  ?..#de
0000029a: 01100110 01101001 01101110 01100101 00100000 01110000  fine p
000002a0: 01100010 00100000 01110000 01110101 01110011 01101000  b push
000002a6: 01011111 01100010 01100001 01100011 01101011 00001010  _back.
000002ac: 00100011 01100100 01100101 01100110 01101001 01101110  #defin
000002b2: 01100101 00100000 01101101 01110000 00100000 01101101  e mp m
000002b8: 01100001 01101011 01100101 01011111 01110000 01100001  ake_pa
000002be: 01101001 01110010 00001010 00001010 00100011 01100100  ir..#d
000002c4: 01100101 01100110 01101001 01101110 01100101 00100000  efine 
000002ca: 01100110 01110011 00100000 01100110 01101001 01110010  fs fir
000002d0: 01110011 01110100 00001010 00100011 01100100 01100101  st.#de
000002d6: 01100110 01101001 01101110 01100101 00100000 01110011  fine s
000002dc: 01100011 00100000 01110011 01100101 01100011 01101111  c seco
000002e2: 01101110 01100100 00001010 00001010 00100011 01100100  nd..#d
000002e8: 01100101 01100110 01101001 01101110 01100101 00100000  efine 
000002ee: 01100101 01101100 00100000 01100011 01101111 01110101  el cou
000002f4: 01110100 00111100 00111100 01100101 01101110 01100100  t<<end
000002fa: 01101100 00100000 00001010 00001010 00100011 01100100  l ..#d
00000300: 01100101 01100110 01101001 01101110 01100101 00100000  efine 
00000306: 01100001 01101100 01101100 00101000 01111000 00101001  all(x)
0000030c: 00100000 00101000 01111000 00101001 00101110 01100010   (x).b
00000312: 01100101 01100111 01101001 01101110 00101000 00101001  egin()
00000318: 00101100 00100000 00101000 01111000 00101001 00101110  , (x).
0000031e: 01100101 01101110 01100100 00101000 00101001 00100000  end() 
00000324: 00100000 00101111 00101111 00101010 00101010 00101010   //***
0000032a: 00101010 00101010 00101010 00101010 00101010 00101010  ******
00000330: 00101010 00101010 00101010 00101010 00101010 00101010  ******
00000336: 00101010 00101010 00101010 00101010 00101010 00101010  ******
0000033c: 00101010 00101010 00101010 00101010 00101010 00101010  ******
00000342: 00101010 00101010 00101010 00101010 00101010 00101010  ******
00000348: 00101010 00101010 00101010 00101010 00101010 00101010  ******
0000034e: 00101010 00101010 00101010 00101010 00101010 00101010  ******
00000354: 00101010 00101010 00101010 00101010 00101010 00101010  ******
0000035a: 00001010 00001010 01100011 01101111 01101110 01110011  ..cons
00000360: 01110100 00100000 01101001 01101110 01110100 00100000  t int 
00000366: 01101001 01101110 01100110 00100000 00111101 00100000  inf = 
0000036c: 01101110 01110101 01101101 01100101 01110010 01101001  numeri
00000372: 01100011 01011111 01101100 01101001 01101101 01101001  c_limi
00000378: 01110100 01110011 00111100 01101001 01101110 01110100  ts<int
0000037e: 00111110 00111010 00111010 01101101 01100001 01111000  >::max
00000384: 00101000 00101001 00111011 00100000 00001010 01100011  (); .c
0000038a: 01101111 01101110 01110011 01110100 00100000 01001100  onst L
00000390: 01001100 00100000 01101100 01101001 01101110 01100110  L linf
00000396: 00100000 00111101 00100000 01101110 01110101 01101101   = num
0000039c: 01100101 01110010 01101001 01100011 01011111 01101100  eric_l
000003a2: 01101001 01101101 01101001 01110100 01110011 00111100  imits<
000003a8: 01001100 01001100 00111110 00111010 00111010 01101101  LL>::m
000003ae: 01100001 01111000 00101000 00101001 00111011 00100000  ax(); 
000003b4: 00001010 01100011 01101111 01101110 01110011 01110100  .const
000003ba: 00100000 01100100 01101111 01110101 01100010 01101100   doubl
000003c0: 01100101 00100000 01000101 01010000 01010011 00100000  e EPS 
000003c6: 00111101 00100000 00110001 01100101 00101101 00110111  = 1e-7
000003cc: 00111011 00100000 00100000 00001010 01100011 01101111  ;  .co
000003d2: 01101110 01110011 01110100 00100000 01101001 01101110  nst in
000003d8: 01110100 00100000 01001101 01000001 01011000 01001110  t MAXN
000003de: 00100000 00111101 00100000 00110001 00110000 00110000   = 100
000003e4: 00110000 00110000 00110000 00110000 00110001 00111011  00001;
000003ea: 00100000 00001010 01100011 01101111 01101110 01110011   .cons
000003f0: 01110100 00100000 01101001 01101110 01110100 00100000  t int 
000003f6: 01001100 01001111 01000111 01001101 01000001 01011000  LOGMAX
000003fc: 01001110 00100000 00111101 00100000 01101100 01101111  N = lo
00000402: 01100111 00110010 00101000 01001101 01000001 01011000  g2(MAX
00000408: 01001110 00101001 00100000 00101011 00100000 00110011  N) + 3
0000040e: 00111011 00001010 00001010 01101001 01101110 01110100  ;..int
00000414: 00100000 01101101 01100001 01101001 01101110 00101000   main(
0000041a: 00101001 00001010 01111011 00001010 00001001 01101001  ).{..i
00000420: 01101110 01110100 00100000 01110100 00111011 00100000  nt t; 
00000426: 01100011 01101001 01101110 00111110 00111110 01110100  cin>>t
0000042c: 00111011 00001010 00001001 01110010 01100101 01110000  ;..rep
00000432: 00101000 01101001 00101100 00100000 01110100 00101001  (i, t)
00000438: 00001010 00001001 01111011 00001010 00001001 00001001  ..{...
0000043e: 01101001 01101110 01110100 00100000 01101110 00111011  int n;
00000444: 00100000 01100011 01101001 01101110 00111110 00111110   cin>>
0000044a: 01101110 00111011 00001010 00001001 00001001 01110110  n;...v
00000450: 01101001 00100000 01110110 00111011 00001010 00001001  i v;..
00000456: 00001001 01110010 01100101 01110000 00101000 01101001  .rep(i
0000045c: 00101100 00100000 01101110 00101001 00001010 00001001  , n)..
00000462: 00001001 01111011 00001010 00001001 00001001 00001001  .{....
00000468: 01101001 01101110 01110100 00100000 01111000 00111011  int x;
0000046e: 00100000 01100011 01101001 01101110 00111110 00111110   cin>>
00000474: 01111000 00111011 00001010 00001001 00001001 00001001  x;....
0000047a: 01110110 00101110 01110000 01100010 00101000 01111000  v.pb(x
00000480: 00101001 00111011 00001010 00001001 00001001 01111101  );...}
00000486: 00001010 00001001 00001001 00001010 00001001 00001001  ......
0000048c: 01100110 01101111 01110010 00101000 01101001 01101110  for(in
00000492: 01110100 00100000 01101001 00100000 00111101 00100000  t i = 
00000498: 00110000 00100000 00111011 00100000 01101001 00111100  0 ; i<
0000049e: 01101110 00101101 00110001 00111011 00100000 01101001  n-1; i
000004a4: 00101011 00111101 00110010 00101001 00001010 00001001  +=2)..
000004aa: 00001001 01111011 00001010 00001001 00001001 00001001  .{....
000004b0: 01101001 01100110 00101000 01110110 01011011 01101001  if(v[i
000004b6: 01011101 00111110 01110110 01011011 01101001 00101011  ]>v[i+
000004bc: 00110001 01011101 00101001 00001010 00001001 00001001  1])...
000004c2: 00001001 01111011 00001010 00001001 00001001 00001001  .{....
000004c8: 00001001 01101001 01101110 01110100 00100000 01110100  .int t
000004ce: 00100000 00111101 00100000 01110110 01011011 01101001   = v[i
000004d4: 01011101 00111011 00001010 00001001 00001001 00001001  ];....
000004da: 00001001 01110110 01011011 01101001 01011101 00100000  .v[i] 
000004e0: 00111101 00100000 01110110 01011011 01101001 00101011  = v[i+
000004e6: 00110001 01011101 00111011 00001010 00001001 00001001  1];...
000004ec: 00001001 00001001 01110110 01011011 01101001 00101011  ..v[i+
000004f2: 00110001 01011101 00100000 00111101 00100000 01110100  1] = t
000004f8: 00111011 00001010 00001001 00001001 00001001 01111101  ;....}
000004fe: 00001001 00001010 00001001 00001001 01111101 00001001  ....}.
00000504: 00001010 00001010 00001001 00001001 01100110 01101111  ....fo
0000050a: 01110110 00101000 01101001 00101100 01110110 00101001  v(i,v)
00000510: 00001010 00001001 00001001 01111011 00001010 00001001  ...{..
00000516: 00001001 00001001 01100011 01101111 01110101 01110100  ..cout
0000051c: 00111100 00111100 01110110 01011011 01101001 01011101  <<v[i]
00000522: 00111100 00111100 00100010 00100000 00100010 00111011  <<" ";
00000528: 00001010 00001001 00001001 01111101 00001010 00001010  ...}..
0000052e: 00001001 00001001 01100110 01101111 01110010 00101000  ..for(
00000534: 01101001 01101110 01110100 00100000 01101001 00100000  int i 
0000053a: 00111101 00100000 00110001 00111011 00100000 01101001  = 1; i
00000540: 00111100 01101110 00101101 00110001 00111011 00100000  <n-1; 
00000546: 01101001 00101011 00111101 00110010 00101001 00001010  i+=2).
0000054c: 00100000 00100000 00100000 00100000 00100000 00100000        
00000552: 00100000 00100000 01111011 00001010 00100000 00100000    {.  
00000558: 00100000 00100000 00100000 00100000 00100000 00100000        
0000055e: 00001001 01101001 01100110 00101000 01110110 01011011  .if(v[
00000564: 01101001 01011101 00111100 01110110 01011011 01101001  i]<v[i
0000056a: 00101011 00110001 01011101 00101001 00001010 00100000  +1]). 
00000570: 00100000 00100000 00100000 00100000 00100000 00100000        
00000576: 00100000 00001001 01111011 00001010 00100000 00100000   .{.  
0000057c: 00100000 00100000 00100000 00100000 00100000 00100000        
00000582: 00001001 00001001 01101001 01101110 01110100 00100000  ..int 
00000588: 01110100 00100000 00111101 00100000 01110110 01011011  t = v[
0000058e: 01101001 01011101 00111011 00001010 00001001 00001001  i];...
00000594: 00001001 00001001 01110110 01011011 01101001 01011101  ..v[i]
0000059a: 00100000 00111101 00100000 01110110 01011011 01101001   = v[i
000005a0: 00101011 00110001 01011101 00111011 00001010 00001001  +1];..
000005a6: 00001001 00001001 00001001 01110110 01011011 01101001  ...v[i
000005ac: 00101011 00110001 01011101 00100000 00111101 00100000  +1] = 
000005b2: 01110100 00111011 00001010 00100000 00100000 00100000  t;.   
000005b8: 00100000 00100000 00100000 00100000 00100000 00001001       .
000005be: 01111101 00001001 00001010 00100000 00100000 00100000  }..   
000005c4: 00100000 00100000 00100000 00100000 00100000 01111101       }
000005ca: 00001010 00100000 00100000 00100000 00100000 00100000  .     
000005d0: 00100000 00100000 00100000 01100110 01101111 01110110     fov
000005d6: 00101000 01101001 00101100 01110110 00101001 00001010  (i,v).
000005dc: 00001001 00001001 01111011 00001010 00001001 00001001  ..{...
000005e2: 00001001 01100011 01101111 01110101 01110100 00111100  .cout<
000005e8: 00111100 01110110 01011011 01101001 01011101 00111100  <v[i]<
000005ee: 00111100 00100010 00100000 00100010 00111011 00001010  <" ";.
000005f4: 00001001 00001001 01111101 00001010 00001001 00001001  ..}...
000005fa: 01100101 01101100 00111011 00001010 00001010 00001001  el;...
00000600: 01111101 00001010 00001001 01110010 01100101 01110100  }..ret
00000606: 01110101 01110010 01101110 00100000 00110000 00111011  urn 0;
0000060c: 00001010 01111101                                      .}
